 2.96560306e+00   0.00000000e+00
 2.98573729e+00   0.00000000e+00
 3.00587151e+00   0.00000000e+00
 3.02600574e+00   0.00000000e+00
 3.04613997e+00   0.00000000e+00
 3.06627420e+00   0.00000000e+00
 3.08640843e+00   0.00000000e+00
 3.10654265e+00   0.00000000e+00
 3.12667688e+00   0.00000000e+00
 3.14681111e+00   0.00000000e+00
 3.16694534e+00   0.00000000e+00
 3.18707957e+00   0.00000000e+00
 3.20721380e+00   0.00000000e+00
 3.22734802e+00   0.00000000e+00
 3.24748225e+00   0.00000000e+00
 3.26761648e+00   0.00000000e+00
 3.28775071e+00   0.00000000e+00
 3.30788494e+00   0.00000000e+00
 3.32801916e+00   0.00000000e+00
 3.34815339e+00   0.00000000e+00
 3.36828762e+00   0.00000000e+00
 3.38842185e+00   0.00000000e+00
 3.40855608e+00   0.00000000e+00
 3.42869031e+00   0.00000000e+00
 3.44882453e+00   0.00000000e+00
 3.46895876e+00   0.00000000e+00
 3.48909299e+00   0.00000000e+00
 3.50922722e+00   0.00000000e+00
 3.52936145e+00   0.00000000e+00
 3.54949567e+00   0.00000000e+00
 3.56962990e+00   0.00000000e+00
 3.58976413e+00   0.00000000e+00
 3.60989836e+00   0.00000000e+00
 3.63003259e+00   0.00000000e+00
 3.65016682e+00   0.00000000e+00
 3.67030104e+00   0.00000000e+00
 3.69043527e+00   0.00000000e+00
 3.71056950e+00   0.00000000e+00
 3.73070373e+00   0.00000000e+00
 3.75083796e+00   0.00000000e+00
 3.77097218e+00   0.00000000e+00
 3.79110641e+00   0.00000000e+00
 3.81124064e+00   0.00000000e+00
 3.83137487e+00   0.00000000e+00
 3.85150910e+00   0.00000000e+00
 3.87164333e+00   0.00000000e+00
 3.89177755e+00   0.00000000e+00
 3.91191178e+00   0.00000000e+00
 3.93204601e+00   0.00000000e+00
 3.95218024e+00   0.00000000e+00
 3.97231447e+00   0.00000000e+00
 3.99244869e+00   0.00000000e+00
 4.01258292e+00   0.00000000e+00
 4.03271715e+00   0.00000000e+00
 4.05285138e+00   0.00000000e+00
 4.07298561e+00   0.00000000e+00
 4.09311984e+00   0.00000000e+00
 4.11325406e+00   0.00000000e+00
 4.13338829e+00   0.00000000e+00
 4.15352252e+00   0.00000000e+00
 4.17365675e+00   0.00000000e+00
 4.19379098e+00   0.00000000e+00
 4.21392520e+00   0.00000000e+00
 4.23405943e+00   0.00000000e+00
 4.25419366e+00   0.00000000e+00
 4.27432789e+00   0.00000000e+00
 4.29446212e+00   0.00000000e+00
 4.31459635e+00   0.00000000e+00
 4.33473057e+00   0.00000000e+00
 4.35486480e+00   0.00000000e+00
 4.37499903e+00   0.00000000e+00
 4.39513326e+00   0.00000000e+00
 4.41526749e+00   0.00000000e+00
 4.43540171e+00   0.00000000e+00
 4.45553594e+00   0.00000000e+00
 4.47567017e+00   0.00000000e+00
 4.49580440e+00   0.00000000e+00
 4.51593863e+00   0.00000000e+00
 4.53607286e+00   0.00000000e+00
 4.55620708e+00   0.00000000e+00
 4.57634131e+00   0.00000000e+00
 4.59647554e+00   0.00000000e+00
 4.61660977e+00   0.00000000e+00
 4.63674400e+00   0.00000000e+00
 4.65687822e+00   0.00000000e+00
 4.67701245e+00   0.00000000e+00
 4.69714668e+00   0.00000000e+00
 4.71728091e+00   0.00000000e+00
 4.73741514e+00   0.00000000e+00
 4.75754937e+00   0.00000000e+00
 4.77768359e+00   0.00000000e+00
 4.79781782e+00   0.00000000e+00
 4.81795205e+00  7.26140989e-300
 4.83808628e+00  5.74295929e-273
 4.85822051e+00  2.37073361e-247
 4.87835473e+00  5.10634432e-223
 4.89848896e+00  5.73724933e-200
 4.91862319e+00  3.36199063e-178
 4.93875742e+00  1.02749366e-157
 4.95889165e+00  1.63799919e-138
 4.97902588e+00  1.36254143e-120
 4.99916010e+00  5.91758839e-104
 5.01929433e+00   1.34304379e-88
 5.03942856e+00   1.59494844e-74
 5.05956279e+00   9.92879885e-62
 5.07969702e+00   3.24810409e-50
 5.09983124e+00   5.60391061e-40
 5.11996547e+00   5.12566900e-31
 5.14009970e+00   2.50558635e-23
 5.16023393e+00   6.63265226e-17
 5.18036816e+00   9.73006087e-12
 5.20050239e+00   8.27493947e-08
 5.22063661e+00   4.52930790e-05
 5.24077084e+00   2.13855317e-03
 5.26090507e+00   1.77741039e-02
 5.28103930e+00   5.44632704e-02
 5.30117353e+00   8.89305212e-02
 5.32130776e+00   1.29484079e-01
 5.34144198e+00   1.85067169e-01
 5.36157621e+00   2.38964681e-01
 5.38171044e+00   2.84766254e-01
 5.40184467e+00   3.34899171e-01
 5.42197890e+00   3.95323610e-01
 5.44211312e+00   4.63853999e-01
 5.46224735e+00   5.16495583e-01
 5.48238158e+00   5.71307776e-01
 5.50251581e+00   6.42801909e-01
 5.52265004e+00   7.30175018e-01
 5.54278427e+00   8.16585856e-01
 5.56291849e+00   8.82743410e-01
 5.58305272e+00   9.31955022e-01
 5.60318695e+00   9.73273659e-01
 5.62332118e+00   9.96808107e-01
 5.64345541e+00   1.00000000e+00
 5.66358963e+00   9.75958571e-01
 5.68372386e+00   9.29020796e-01
 5.70385809e+00   9.16370008e-01
 5.72399232e+00   8.84536114e-01
 5.74412655e+00   8.35268619e-01
 5.76426078e+00   8.12217406e-01
 5.78439500e+00   7.73430532e-01
 5.80452923e+00   7.23134108e-01
 5.82466346e+00   6.88199471e-01
 5.84479769e+00   6.61160546e-01
 5.86493192e+00   5.84992073e-01
 5.88506614e+00   4.85760105e-01
 5.90520037e+00   3.92895490e-01
 5.92533460e+00   3.16650027e-01
 5.94546883e+00   2.75302873e-01
 5.96560306e+00   2.54450006e-01
